INITIAL INPUT
[2.0, 1.0, 4.0, -3.0, 0.0, 3.0]
[-3.0, 0.0, 5.0, 3.0, -4.0, -2.0]
[4.0, 5.0, -3.0, -1.0, 3.0, 5.0]
[-1.0, 2.0, 6.0, 2.0, -2.0, 3.0]
[1.0, 2.0, -3.0, 2.0, 1.0, 3.0]

SWAPPING R0 & R4
[1.0, 2.0, -3.0, 2.0, 1.0, 3.0]
[-3.0, 0.0, 5.0, 3.0, -4.0, -2.0]
[4.0, 5.0, -3.0, -1.0, 3.0, 5.0]
[-1.0, 2.0, 6.0, 2.0, -2.0, 3.0]
[2.0, 1.0, 4.0, -3.0, 0.0, 3.0]

SUBTRACTING -3.0 * R0 from R1
[1.0, 2.0, -3.0, 2.0, 1.0, 3.0]
[0.0, 6.0, -4.0, 9.0, -1.0, 7.0]
[4.0, 5.0, -3.0, -1.0, 3.0, 5.0]
[-1.0, 2.0, 6.0, 2.0, -2.0, 3.0]
[2.0, 1.0, 4.0, -3.0, 0.0, 3.0]

SUBTRACTING 4.0 * R0 from R2
[1.0, 2.0, -3.0, 2.0, 1.0, 3.0]
[0.0, 6.0, -4.0, 9.0, -1.0, 7.0]
[0.0, -3.0, 9.0, -9.0, -1.0, -7.0]
[-1.0, 2.0, 6.0, 2.0, -2.0, 3.0]
[2.0, 1.0, 4.0, -3.0, 0.0, 3.0]

SUBTRACTING -1.0 * R0 from R3
[1.0, 2.0, -3.0, 2.0, 1.0, 3.0]
[0.0, 6.0, -4.0, 9.0, -1.0, 7.0]
[0.0, -3.0, 9.0, -9.0, -1.0, -7.0]
[0.0, 4.0, 3.0, 4.0, -1.0, 6.0]
[2.0, 1.0, 4.0, -3.0, 0.0, 3.0]

SUBTRACTING 2.0 * R0 from R4
[1.0, 2.0, -3.0, 2.0, 1.0, 3.0]
[0.0, 6.0, -4.0, 9.0, -1.0, 7.0]
[0.0, -3.0, 9.0, -9.0, -1.0, -7.0]
[0.0, 4.0, 3.0, 4.0, -1.0, 6.0]
[0.0, -3.0, 10.0, -7.0, -2.0, -3.0]

PIVOTING around row-column 1
[6.0, 0.0, -4.0, 9.0, -1.0, 7.0]
[2.0, 1.0, -3.0, 2.0, 1.0, 3.0]
[-3.0, 0.0, 9.0, -9.0, -1.0, -7.0]
[4.0, 0.0, 3.0, 4.0, -1.0, 6.0]
[-3.0, 0.0, 10.0, -7.0, -2.0, -3.0]

DIVIDING R0 by 6.0
SUBTRACTING 2.0 * R0 from R1
[1.0, 0.0, -0.6666666666666666, 1.5, -0.16666666666666666, 1.1666666666666665]
[0.0, 1.0, -1.6666666666666667, -1.0, 1.3333333333333333, 0.666666666666667]
[-3.0, 0.0, 9.0, -9.0, -1.0, -7.0]
[4.0, 0.0, 3.0, 4.0, -1.0, 6.0]
[-3.0, 0.0, 10.0, -7.0, -2.0, -3.0]

SUBTRACTING -3.0 * R0 from R2
[1.0, 0.0, -0.6666666666666666, 1.5, -0.16666666666666666, 1.1666666666666665]
[0.0, 1.0, -1.6666666666666667, -1.0, 1.3333333333333333, 0.666666666666667]
[0.0, 0.0, 7.0, -4.5, -1.5, -3.5000000000000004]
[4.0, 0.0, 3.0, 4.0, -1.0, 6.0]
[-3.0, 0.0, 10.0, -7.0, -2.0, -3.0]

SUBTRACTING 4.0 * R0 from R3
[1.0, 0.0, -0.6666666666666666, 1.5, -0.16666666666666666, 1.1666666666666665]
[0.0, 1.0, -1.6666666666666667, -1.0, 1.3333333333333333, 0.666666666666667]
[0.0, 0.0, 7.0, -4.5, -1.5, -3.5000000000000004]
[0.0, 0.0, 5.666666666666666, -2.0, -0.33333333333333337, 1.333333333333334]
[-3.0, 0.0, 10.0, -7.0, -2.0, -3.0]

SUBTRACTING -3.0 * R0 from R4
[1.0, 0.0, -0.6666666666666666, 1.5, -0.16666666666666666, 1.1666666666666665]
[0.0, 1.0, -1.6666666666666667, -1.0, 1.3333333333333333, 0.666666666666667]
[0.0, 0.0, 7.0, -4.5, -1.5, -3.5000000000000004]
[0.0, 0.0, 5.666666666666666, -2.0, -0.33333333333333337, 1.333333333333334]
[0.0, 0.0, 8.0, -2.5, -2.5, 0.49999999999999956]

PIVOTING BACK around 1 row-column
[1.0, 0.0, -1.6666666666666667, -1.0, 1.3333333333333333, 0.666666666666667]
[0.0, 1.0, -0.6666666666666666, 1.5, -0.16666666666666666, 1.1666666666666665]
[0.0, 0.0, 7.0, -4.5, -1.5, -3.5000000000000004]
[0.0, 0.0, 5.666666666666666, -2.0, -0.33333333333333337, 1.333333333333334]
[0.0, 0.0, 8.0, -2.5, -2.5, 0.49999999999999956]

PIVOTING around row-column 2
[7.0, 0.0, 0.0, -4.5, -1.5, -3.5000000000000004]
[-0.6666666666666666, 1.0, 0.0, 1.5, -0.16666666666666666, 1.1666666666666665]
[-1.6666666666666667, 0.0, 1.0, -1.0, 1.3333333333333333, 0.666666666666667]
[5.666666666666666, 0.0, 0.0, -2.0, -0.33333333333333337, 1.333333333333334]
[8.0, 0.0, 0.0, -2.5, -2.5, 0.49999999999999956]

DIVIDING R0 by 7.0
SUBTRACTING -0.666666666667 * R0 from R1
[1.0, 0.0, 0.0, -0.6428571428571428, -0.21428571428571427, -0.5]
[0.0, 1.0, 0.0, 1.0714285714285716, -0.30952380952380953, 0.8333333333333333]
[-1.6666666666666667, 0.0, 1.0, -1.0, 1.3333333333333333, 0.666666666666667]
[5.666666666666666, 0.0, 0.0, -2.0, -0.33333333333333337, 1.333333333333334]
[8.0, 0.0, 0.0, -2.5, -2.5, 0.49999999999999956]

SUBTRACTING -1.66666666667 * R0 from R2
[1.0, 0.0, 0.0, -0.6428571428571428, -0.21428571428571427, -0.5]
[0.0, 1.0, 0.0, 1.0714285714285716, -0.30952380952380953, 0.8333333333333333]
[0.0, 0.0, 1.0, -2.071428571428571, 0.976190476190476, -0.1666666666666664]
[5.666666666666666, 0.0, 0.0, -2.0, -0.33333333333333337, 1.333333333333334]
[8.0, 0.0, 0.0, -2.5, -2.5, 0.49999999999999956]

SUBTRACTING 5.66666666667 * R0 from R3
[1.0, 0.0, 0.0, -0.6428571428571428, -0.21428571428571427, -0.5]
[0.0, 1.0, 0.0, 1.0714285714285716, -0.30952380952380953, 0.8333333333333333]
[0.0, 0.0, 1.0, -2.071428571428571, 0.976190476190476, -0.1666666666666664]
[0.0, 0.0, 0.0, 1.642857142857142, 0.8809523809523808, 4.166666666666667]
[8.0, 0.0, 0.0, -2.5, -2.5, 0.49999999999999956]

SUBTRACTING 8.0 * R0 from R4
[1.0, 0.0, 0.0, -0.6428571428571428, -0.21428571428571427, -0.5]
[0.0, 1.0, 0.0, 1.0714285714285716, -0.30952380952380953, 0.8333333333333333]
[0.0, 0.0, 1.0, -2.071428571428571, 0.976190476190476, -0.1666666666666664]
[0.0, 0.0, 0.0, 1.642857142857142, 0.8809523809523808, 4.166666666666667]
[0.0, 0.0, 0.0, 2.6428571428571423, -0.7857142857142858, 4.5]

PIVOTING BACK around 2 row-column
[1.0, 0.0, 0.0, -2.071428571428571, 0.976190476190476, -0.1666666666666664]
[0.0, 1.0, 0.0, 1.0714285714285716, -0.30952380952380953, 0.8333333333333333]
[0.0, 0.0, 1.0, -0.6428571428571428, -0.21428571428571427, -0.5]
[0.0, 0.0, 0.0, 1.642857142857142, 0.8809523809523808, 4.166666666666667]
[0.0, 0.0, 0.0, 2.6428571428571423, -0.7857142857142858, 4.5]

PIVOTING around row-column 3
[1.642857142857142, 0.0, 0.0, 0.0, 0.8809523809523808, 4.166666666666667]
[1.0714285714285716, 1.0, 0.0, 0.0, -0.30952380952380953, 0.8333333333333333]
[-0.6428571428571428, 0.0, 1.0, 0.0, -0.21428571428571427, -0.5]
[-2.071428571428571, 0.0, 0.0, 1.0, 0.976190476190476, -0.1666666666666664]
[2.6428571428571423, 0.0, 0.0, 0.0, -0.7857142857142858, 4.5]

DIVIDING R0 by 1.64285714286
SUBTRACTING 1.07142857143 * R0 from R1
[1.0, 0.0, 0.0, 0.0, 0.5362318840579713, 2.536231884057973]
[0.0, 1.0, 0.0, 0.0, -0.8840579710144931, -1.8840579710144956]
[-0.6428571428571428, 0.0, 1.0, 0.0, -0.21428571428571427, -0.5]
[-2.071428571428571, 0.0, 0.0, 1.0, 0.976190476190476, -0.1666666666666664]
[2.6428571428571423, 0.0, 0.0, 0.0, -0.7857142857142858, 4.5]

SUBTRACTING -0.642857142857 * R0 from R2
[1.0, 0.0, 0.0, 0.0, 0.5362318840579713, 2.536231884057973]
[0.0, 1.0, 0.0, 0.0, -0.8840579710144931, -1.8840579710144956]
[0.0, 0.0, 1.0, 0.0, 0.13043478260869582, 1.1304347826086967]
[-2.071428571428571, 0.0, 0.0, 1.0, 0.976190476190476, -0.1666666666666664]
[2.6428571428571423, 0.0, 0.0, 0.0, -0.7857142857142858, 4.5]

SUBTRACTING -2.07142857143 * R0 from R3
[1.0, 0.0, 0.0, 0.0, 0.5362318840579713, 2.536231884057973]
[0.0, 1.0, 0.0, 0.0, -0.8840579710144931, -1.8840579710144956]
[0.0, 0.0, 1.0, 0.0, 0.13043478260869582, 1.1304347826086967]
[0.0, 0.0, 0.0, 1.0, 2.086956521739131, 5.086956521739134]
[2.6428571428571423, 0.0, 0.0, 0.0, -0.7857142857142858, 4.5]

SUBTRACTING 2.64285714286 * R0 from R4
[1.0, 0.0, 0.0, 0.0, 0.5362318840579713, 2.536231884057973]
[0.0, 1.0, 0.0, 0.0, -0.8840579710144931, -1.8840579710144956]
[0.0, 0.0, 1.0, 0.0, 0.13043478260869582, 1.1304347826086967]
[0.0, 0.0, 0.0, 1.0, 2.086956521739131, 5.086956521739134]
[0.0, 0.0, 0.0, 0.0, -2.202898550724638, -2.2028985507246412]

PIVOTING BACK around 3 row-column
[1.0, 0.0, 0.0, 0.0, 2.086956521739131, 5.086956521739134]
[0.0, 1.0, 0.0, 0.0, -0.8840579710144931, -1.8840579710144956]
[0.0, 0.0, 1.0, 0.0, 0.13043478260869582, 1.1304347826086967]
[0.0, 0.0, 0.0, 1.0, 0.5362318840579713, 2.536231884057973]
[0.0, 0.0, 0.0, 0.0, -2.202898550724638, -2.2028985507246412]

PIVOTING around row-column 4
[-2.202898550724638, 0.0, 0.0, 0.0, 0.0, -2.2028985507246412]
[-0.8840579710144931, 1.0, 0.0, 0.0, 0.0, -1.8840579710144956]
[0.13043478260869582, 0.0, 1.0, 0.0, 0.0, 1.1304347826086967]
[0.5362318840579713, 0.0, 0.0, 1.0, 0.0, 2.536231884057973]
[2.086956521739131, 0.0, 0.0, 0.0, 1.0, 5.086956521739134]

DIVIDING R0 by -2.20289855072
SUBTRACTING -0.884057971014 * R0 from R1
[1.0, -0.0, -0.0, -0.0, -0.0, 1.0000000000000013]
[0.0, 1.0, 0.0, 0.0, 0.0, -1.0000000000000013]
[0.13043478260869582, 0.0, 1.0, 0.0, 0.0, 1.1304347826086967]
[0.5362318840579713, 0.0, 0.0, 1.0, 0.0, 2.536231884057973]
[2.086956521739131, 0.0, 0.0, 0.0, 1.0, 5.086956521739134]

SUBTRACTING 0.130434782609 * R0 from R2
[1.0, -0.0, -0.0, -0.0, -0.0, 1.0000000000000013]
[0.0, 1.0, 0.0, 0.0, 0.0, -1.0000000000000013]
[0.0, 0.0, 1.0, 0.0, 0.0, 1.0000000000000007]
[0.5362318840579713, 0.0, 0.0, 1.0, 0.0, 2.536231884057973]
[2.086956521739131, 0.0, 0.0, 0.0, 1.0, 5.086956521739134]

SUBTRACTING 0.536231884058 * R0 from R3
[1.0, -0.0, -0.0, -0.0, -0.0, 1.0000000000000013]
[0.0, 1.0, 0.0, 0.0, 0.0, -1.0000000000000013]
[0.0, 0.0, 1.0, 0.0, 0.0, 1.0000000000000007]
[0.0, 0.0, 0.0, 1.0, 0.0, 2.000000000000001]
[2.086956521739131, 0.0, 0.0, 0.0, 1.0, 5.086956521739134]

SUBTRACTING 2.08695652174 * R0 from R4
[1.0, -0.0, -0.0, -0.0, -0.0, 1.0000000000000013]
[0.0, 1.0, 0.0, 0.0, 0.0, -1.0000000000000013]
[0.0, 0.0, 1.0, 0.0, 0.0, 1.0000000000000007]
[0.0, 0.0, 0.0, 1.0, 0.0, 2.000000000000001]
[0.0, 0.0, 0.0, 0.0, 1.0, 3.000000000000001]

PIVOTING BACK around 4 row-column
[1.0, 0.0, 0.0, 0.0, 0.0, 3.000000000000001]
[0.0, 1.0, 0.0, 0.0, 0.0, -1.0000000000000013]
[0.0, 0.0, 1.0, 0.0, 0.0, 1.0000000000000007]
[0.0, 0.0, 0.0, 1.0, 0.0, 2.000000000000001]
[-0.0, -0.0, -0.0, -0.0, 1.0, 1.0000000000000013]

FINAL RESULT
[1.0, 0.0, 0.0, 0.0, 0.0, 3.000000000000001]
[0.0, 1.0, 0.0, 0.0, 0.0, -1.0000000000000013]
[0.0, 0.0, 1.0, 0.0, 0.0, 1.0000000000000007]
[0.0, 0.0, 0.0, 1.0, 0.0, 2.000000000000001]
[-0.0, -0.0, -0.0, -0.0, 1.0, 1.0000000000000013]

OUTPUT:  [3.0, -1.0, 1.0, 2.0, 1.0]
